🔧 Command: main.py --dataset tox21 --task_type class --seed 2025 --gpu 0 --norm 0 --split_type random --batch_size 32 --vib_norm 0
🔧 All print outputs will be saved to: ./LOGS/tox21/complete_output_20250828_165154.log
Device set to : NVIDIA GeForce RTX 4060 Ti
lr:0.001, cl_loss:0.1, cl_loss_num:0, pro_num:1, pool_type:attention, gnn_hidden_dim:256, batch_size:32, norm:0, fusion:3
0: 95.75%, 1: 4.25%
0: 96.49%, 1: 3.51%
0: 88.27%, 1: 11.73%
0: 94.85%, 1: 5.15%
0: 87.20%, 1: 12.80%
0: 94.97%, 1: 5.03%
0: 97.12%, 1: 2.88%
0: 83.85%, 1: 16.15%
0: 96.27%, 1: 3.73%
0: 94.25%, 1: 5.75%
0: 84.20%, 1: 15.80%
0: 93.76%, 1: 6.24%
[GeoGNNModel] embed_dim:256
[GeoGNNModel] dropout_rate:0.5
[GeoGNNModel] layer_num:8
[GeoGNNModel] readout:mean
[GeoGNNModel] atom_names:['atomic_num', 'formal_charge', 'degree', 'chiral_tag', 'total_numHs', 'is_aromatic', 'hybridization']
[GeoGNNModel] bond_names:['bond_dir', 'bond_type', 'is_in_ring']
[GeoGNNModel] bond_float_names:['bond_length']
[GeoGNNModel] bond_angle_float_names:['bond_angle']
train model ...
**Test result:0.7061315291048021

**Test result:0.7014727648323976

**Test result:0.7531522143396305

**Test result:0.742253517515249

**Test result:0.7606528547284314

**Test result:0.7802924307703845

**Test result:0.7753312576197827

**Test result:0.7784969630524109

**Test result:0.7690943994537028

**Test result:0.7783665481114905

**Test result:0.8056309643951599

**Test result:0.7980095229819056

**Test result:0.8037739756686229

**Test result:0.8029537054138896

**Test result:0.8022392472009537

**Test result:0.8113438466023232

**Test result:0.8092595159432586

**Test result:0.8021327800926364

**Test result:0.8007126655443768

