🔧 Command: main.py --dataset sider --task_type class --seed 2025 --gpu 0 --norm 0 --split_type random --batch_size 32 --vib_norm 0
🔧 All print outputs will be saved to: ./LOGS/sider/complete_output_20250828_200440.log
Device set to : NVIDIA GeForce RTX 4060 Ti
lr:0.001, cl_loss:0.1, cl_loss_num:0, pro_num:1, pool_type:attention, gnn_hidden_dim:256, batch_size:32, norm:0, fusion:3
0: 47.93%, 1: 52.07%
0: 30.20%, 1: 69.80%
0: 98.46%, 1: 1.54%
0: 38.61%, 1: 61.39%
0: 19.34%, 1: 80.66%
0: 30.13%, 1: 69.87%
0: 9.04%, 1: 90.96%
0: 82.41%, 1: 17.59%
0: 28.24%, 1: 71.76%
0: 49.05%, 1: 50.95%
0: 73.65%, 1: 26.35%
0: 9.46%, 1: 90.54%
0: 77.37%, 1: 22.63%
0: 85.07%, 1: 14.93%
0: 22.35%, 1: 77.65%
0: 37.98%, 1: 62.02%
0: 7.64%, 1: 92.36%
0: 82.27%, 1: 17.73%
0: 29.50%, 1: 70.50%
0: 25.72%, 1: 74.28%
0: 28.80%, 1: 71.20%
0: 36.16%, 1: 63.84%
0: 91.24%, 1: 8.76%
0: 53.82%, 1: 46.18%
0: 30.76%, 1: 69.24%
0: 8.62%, 1: 91.38%
0: 33.71%, 1: 66.29%
[GeoGNNModel] embed_dim:256
[GeoGNNModel] dropout_rate:0.5
[GeoGNNModel] layer_num:8
[GeoGNNModel] readout:mean
[GeoGNNModel] atom_names:['atomic_num', 'formal_charge', 'degree', 'chiral_tag', 'total_numHs', 'is_aromatic', 'hybridization']
[GeoGNNModel] bond_names:['bond_dir', 'bond_type', 'is_in_ring']
[GeoGNNModel] bond_float_names:['bond_length']
[GeoGNNModel] bond_angle_float_names:['bond_angle']
train model ...
**Test result:0.538194004406128

**Test result:0.5376936845723181

**Test result:0.5410243681052349

**Test result:0.5490874648633999

**Test result:0.5455844139726482

**Test result:0.5386963500508269

**Test result:0.5399358094412953

**Test result:0.5271664137859291

**Test result:0.5345151153548602

**Test result:0.5711634351104815

**Test result:0.5497296426098385

**Test result:0.5758952600318865

**Test result:0.5642466791465703

**Test result:0.5799538306680648

**Test result:0.5770172383987716

**Test result:0.5742319678804149

**Test result:0.5887979761659358

**Test result:0.6203961040017316

